wave_number(cm^-1) oscillator_strength(arb. units)
-0.552989 3.03108e-05
-0.260041 3.88001e-06
-0.247692 3.80928e-06
46.5307 4.28039e-05
46.6056 3.40207e-27
57.7648 2.83909e-06
57.8213 9.75387e-29
61.5276 6.8389e-27
61.5715 2.91672e-27
64.6275 2.11839e-26
66.8184 1.90405
96.9875 4.17048e-05
97.1352 9.69805e-28
110.071 3.28374
110.299 3.27721
123.399 7.0748e-28
123.603 0.00108925
126.381 3.74365e-28
138.751 9.24628e-28
138.768 0.000203882
140.621 3.08705e-28
140.784 1.38859e-28
143.518 0.185549
143.589 0.196027
157.111 7.09793e-29
157.138 5.33957e-07
171.397 5.56224e-30
171.514 4.96113e-05
215.288 1.39114e-30
219.993 9.65063e-06
220.298 2.21165e-30
223.39 7.37323e-07
223.455 9.22672e-31
255.664 2.75233e-29
255.877 3.76412e-29
261.118 0.000156686
263.885 0.54202
305.367 0.000150069
305.629 2.79922e-29
322.97 0.472615
323.191 0.473232
327.55 2.1386e-06
327.624 1.04326e-28
330.436 1.50885e-30
337.436 1.83157e-30
366.67 5.07725e-07
366.758 1.71122e-31
370.436 2.13674e-30
375.234 1.85956e-30
375.323 5.54451e-30
391.964 4.41698e-29
391.985 6.76433e-06
402.068 1.32257e-28
402.356 0.0104924
403.919 0.514546
433.206 1.61552e-05
678.724 1.38291e-27
678.847 0.0179074
686.033 10.7289
686.522 10.7334
690.729 4.26796e-27
691.083 7.98521e-29
696.012 5.97076
698.985 0.00619018
699.248 5.36681e-28
722.495 4.29004e-29
767.046 3.61741e-31
767.421 5.18086e-05
779.179 2.88808e-05
791.507 6.27222e-30
792.839 2.79295e-05
793.2 5.33016e-30
