x y
-0.561872 3.06164e-05
-0.257909 4.05838e-06
-0.244801 3.72517e-06
46.5316 4.27862e-05
46.6064 1.98371e-27
57.7675 3.13793e-06
57.8149 7.91516e-28
61.5322 1.72954e-28
61.5648 2.2881e-27
64.6453 9.99879e-29
66.8193 1.90408
97.0039 4.3115e-05
97.1451 1.78362e-28
110.085 3.28348
110.289 3.27718
123.401 2.6345e-28
123.605 0.00108087
126.392 4.88869e-29
138.758 4.20486e-27
138.763 0.000202458
140.617 9.89296e-28
140.783 7.73187e-28
143.52 0.185825
143.592 0.195993
157.109 6.06469e-29
157.126 5.36223e-07
171.405 3.735e-29
171.514 5.03193e-05
215.236 3.791e-30
219.996 9.8189e-06
220.3 6.26507e-30
223.387 7.11804e-07
223.452 2.11506e-30
255.671 6.30232e-30
255.873 2.08533e-30
261.118 0.00013838
263.884 0.542021
305.366 0.000150071
305.631 3.04493e-29
322.968 0.47267
323.2 0.473253
327.553 2.33914e-06
327.628 8.05578e-30
330.318 1.37685e-28
337.437 1.78161e-31
366.677 5.07132e-07
366.759 1.82841e-30
370.436 1.0174e-31
375.233 3.76731e-31
375.322 2.29674e-31
391.962 1.12868e-30
391.985 6.49625e-06
402.068 1.54983e-29
402.353 0.010391
403.919 0.514649
433.206 1.54869e-05
678.716 1.56027e-27
678.85 0.0177339
686.012 10.729
686.543 10.7336
690.704 8.39098e-28
691.096 1.90439e-27
696.008 5.97083
698.97 0.00620913
699.257 4.65098e-27
722.49 3.86057e-29
767.058 1.02631e-29
767.37 5.33206e-05
779.164 3.64797e-05
791.078 1.37253e-29
792.839 2.89195e-05
793.26 5.45418e-30
