wave_number(cm^-1) oscillator_strength(arb. units)
-0.339551 7.1809e-06
-0.323686 5.29793e-06
-0.191528 1.09518e-06
47.7754 5.67948e-29
55.2316 5.20435e-28
58.0482 8.26691e-28
60.5349 1.48476e-28
67.1202 1.02234e-28
70.9962 2.19144e-27
76.4964 1.30476e-26
79.0904 1.86399
97.9892 9.8164e-28
103.61 2.20186e-28
114.77 3.41283
119.946 5.36378e-28
122.745 2.53811
127.022 2.44248e-28
131.257 1.36338e-27
136.42 1.72954e-27
140.876 0.260097
141.768 6.9125e-27
144.211 1.43326e-27
146.02 0.610209
147.205 4.42419e-27
156.037 7.04377e-29
160.731 5.415e-29
174.676 1.67367e-29
178.119 1.91593e-29
216.82 1.64851e-31
222.145 7.73978e-31
223.426 1.01522e-29
224.246 7.07839e-31
227.516 2.04787e-31
258.286 0.253144
259.688 6.33051e-29
263.933 1.52963e-29
265.831 0.315054
305.209 1.39098e-29
310.762 2.8581e-30
321.659 0.483208
328.411 1.15226e-27
328.886 0.581852
330.267 1.61923e-30
332.188 3.29819e-31
344.513 4.48361e-30
368.878 5.18463e-31
372.901 5.32896e-30
373.372 5.50341e-31
373.605 8.7025e-31
383.16 3.29984e-30
393.099 6.33411e-30
397.246 9.18461e-31
405.688 2.81539e-28
408.352 0.588858
411.971 1.51346e-28
440.298 0.00537995
683.864 1.20768e-28
686.606 10.7131
687.141 4.85484e-26
697.482 4.2447e-28
700.451 2.63321e-25
700.716 10.7956
703.025 5.98651
703.669 5.44776e-27
711.983 4.63057e-28
729.18 1.68243e-29
771.624 6.18291e-30
775.25 1.19584e-30
785.184 0.00391504
797.171 2.21605e-31
799.16 2.59073e-30
800.289 2.05699e-30
