wave_number(cm^-1) oscillator_strength(arb. units)
-68.0391 5.5561e-29
-33.7049 0.972346
-12.7737 0.0890469
-12.4111 0.00905755
52.2246 1.64128
54.3677 0.000387397
54.532 3.20877e-26
70.8848 3.23215e-28
71.2497 0.000246388
71.3071 4.43166e-27
71.6585 1.54828e-27
77.5422 7.11324e-24
77.5697 0.0210068
91.0815 8.04535e-29
113.547 8.8617e-27
113.64 0.000953008
120.396 2.94159
120.481 3.40983
132.394 1.29588e-27
132.46 0.0232708
142.166 0.674593
142.488 0.336342
152.697 5.33782e-29
153.396 1.20541e-29
170.598 4.1724e-29
171.556 0.00264408
182.265 2.44522e-29
182.295 4.89311e-05
222.687 4.8342e-30
231.257 0.00011407
231.343 5.91852e-30
245.558 0.00121483
246.414 1.93936e-29
257.171 2.07105
271.428 0.000269503
288.043 1.01479e-29
288.895 4.40321e-30
331.393 0.00228446
331.934 1.01358e-29
341.21 0.000413838
341.312 5.71747e-30
350.139 1.25385e-29
354.93 7.30347e-29
355.39 0.563091
356.1 0.754113
386.08 1.39163e-28
386.141 0.000689109
388.522 8.2796e-31
397.939 2.78713e-31
398.222 1.92355e-30
418.809 4.78624e-29
419.086 0.000126155
420.183 0.563899
424.802 4.22384e-28
425.27 0.0177988
457.756 6.10026e-05
722.595 9.15553e-26
722.614 0.107205
732.683 4.99206
732.845 7.57318
733.529 5.78313
735.617 1.24609e-28
736.398 4.99754e-28
745.57 0.0400943
745.896 2.91529e-28
755.353 4.50717e-29
806.059 1.02118e-29
806.604 0.0105346
822.144 0.00883948
833.321 1.18069e-30
836.707 0.0395084
837.273 3.19552e-28
